<train>
    <example>
        <predictions>
            ARIMA: [25159.06353858, 24691.27301218, 24543.21675763, 25243.19245141, 24805.10082494, 25213.95589366, 24498.03058958, 24950.83156796, 24791.36704598, 24836.8148129, 25104.05823297, 24887.80335236]
            ETS: [20786.10750007, 20212.35293676, 17765.77275884, 20112.67893721, 18946.05159431, 19772.3626748, 20671.87835566, 21965.76594917, 22853.51739028, 22057.21150155, 23021.82981296, 22527.52173951]
            THETA: [20886.75969062, 20011.79327202, 17609.29146785, 20083.48733974, 18717.22056044, 19670.87068994, 20919.61232903, 21982.773705, 22896.87947213, 21997.03952493, 22912.3514333, 22437.73041771]
            svr: [22637.56975955, 22651.11078541, 22654.39805841, 22654.67678774, 22653.79899906, 22653.77204683, 22653.77132197, 22653.77155089, 22653.77034671, 22653.77087483, 22653.77114927, 22653.77075481]
            rf: [22534.10029991, 22439.30320589, 22122.27314411, 21984.39188751, 21682.5437469, 21715.36526435, 21852.54449515, 21809.7311298, 21429.4208019, 21572.53072651, 21464.50693855, 21530.61416041]
            catboost: [22329.41086494, 21787.2712314, 21745.7689501, 21433.06924115, 21355.00082477, 20877.08931065, 20221.00434981, 20360.39215793, 20245.08189166, 21376.770782, 21279.43915103, 21089.13946386]
            CWT_svr: [22604.33864946, 22517.94499582, 22327.60137469, 22267.35678912, 22073.27314416, 21939.53431391, 21941.29363835, 21975.53414372, 21930.73560024, 22058.00880298, 22065.34801001, 22037.51624354]
            DWT_svr: [22582.83736345, 22472.7982413, 22309.73752683, 22179.56373739, 22031.51448335, 21910.23198279, 21921.08842248, 21943.31708437, 21901.88687942, 22037.17938087, 22023.89183005, 21995.81342262]
            FT_svr: [23510.3169142, 23305.79093746, 23158.80032629, 23324.16204082, 22597.86723951, 22217.83184951, 21928.41972089, 21785.20485697, 21497.72421002, 21817.02134077, 21855.89747996, 21905.63875833]
            CWT_rf: [21818.45697758, 23224.4089263, 22564.0416939, 22909.24078512, 22456.1447126, 22123.27466598, 21717.09566052, 21825.83101678, 21575.79293064, 21765.23939624, 21774.05093869, 21824.67090836]
            DWT_rf: [21615.18654163, 21862.0670945, 21351.52270058, 21297.39677505, 21184.60142331, 20664.95179112, 21110.2063602, 20925.78298301, 21075.48560394, 21126.95418357, 21220.30827842, 21338.81442786]
            FT_rf: [22837.72673888, 23026.46016707, 22824.68527334, 22972.81835872, 22535.82353431, 22346.63450226, 22098.50791657, 21786.18193409, 21504.28263105, 21875.32769839, 21770.49881121, 21911.67401416]
            CWT_catboost: [22464.73125074, 22745.46822401, 22624.2388897, 22698.4003237, 22370.29495026, 22068.73344399, 21905.95182276, 21887.75658177, 21764.44756725, 21944.95090004, 21977.07271295, 22024.65705901]
            DWT_catboost: [22507.11919376, 22271.53196945, 21321.96727238, 21555.80675439, 20652.23652744, 20219.55217032, 20785.62884901, 20796.25114307, 20889.37112041, 21098.67690249, 21019.76812135, 21147.52282453]
            FT_catboost: [22151.63450319, 21509.2716915, 21583.71386868, 20707.85077965, 20969.3540629, 21021.69633576, 21358.61695366, 21642.94004085, 21460.97334621, 21784.40436284, 21708.63345228, 21736.16964582]
        </predictions>
        <test>[24859.12, 22233.07, 20016.585, 18939.376, 17144.071, 18536.434, 23468.708, 18856.954, 21950.126, 18014.403, 19549.185, 17520.812]</test>
    </example>
    <example>
        <predictions>
            ARIMA: [20189.34563269, 20192.85789627, 20092.93080571, 20125.30269528, 19897.04910318, 20355.62201653, 21603.84938594, 20580.46644655, 21348.37952553, 20451.24241379, 20830.78699143, 20366.88668088]
            ETS: [18062.62317529, 17393.33066554, 15407.84271242, 17092.38074023, 16162.45141857, 16844.88650947, 17782.62518231, 18540.99028846, 19297.52887647, 18610.390685, 19436.7535238, 19007.89060085]
            THETA: [17866.08934355, 17144.80877427, 15254.82768456, 17103.34824538, 16019.72145045, 16809.28489874, 17700.12233432, 18537.68322061, 19161.68786003, 18545.03624378, 19271.48287791, 18913.88997639]
            svr: [18759.42203864, 18759.42210619, 18759.4221062, 18759.4221062, 18759.42210639, 18759.42210538, 18759.42213586, 18759.4221062, 18759.4221062, 18759.4221062, 18759.4221062, 18759.4221062]
            rf: [17103.19423397, 17803.67250428, 17731.06974653, 18104.01435002, 18000.64727707, 18303.83074421, 18103.89545828, 18113.67717747, 18026.40149462, 18120.85642935, 17798.38598629, 17688.20732412]
            catboost: [16997.71257262, 18223.88166564, 17910.64906155, 18052.06112336, 17395.51510697, 17464.68223325, 16751.90487253, 15703.21729542, 15213.6946995, 15455.24530211, 16404.94868817, 18586.2942714]
            CWT_svr: [18759.51542668, 18515.20822027, 18295.9953686, 18150.54620463, 18073.18622798, 18188.19369318, 18151.85355396, 18048.70977966, 17975.13513241, 18000.12467132, 17998.57014806, 17976.45072006]
            DWT_svr: [18759.51542668, 18515.20822027, 18295.9953686, 18150.54620463, 18073.18622798, 18188.19369318, 18151.85355396, 18048.70977966, 17975.13513241, 18000.12467132, 17998.57014806, 17976.45072006]
            FT_svr: [16986.4041512, 18005.59142402, 18099.29958901, 18571.83507727, 18548.55281724, 18406.59623913, 18653.85029216, 18370.60372238, 17420.79279064, 17460.84211587, 17347.69927974, 17141.04602255]
            CWT_rf: [16810.50631223, 16970.34844394, 16968.19324107, 16680.46123042, 16999.2317529, 16553.27749375, 16781.29620828, 16431.03309906, 16644.58693919, 16396.60590851, 16386.40946308, 16481.18908182]
            DWT_rf: [16726.88958047, 17370.9128624, 16684.84138993, 17269.19743572, 17246.71066812, 17060.49243543, 17086.71343359, 16896.54214381, 16474.99586124, 16581.70867416, 16356.79727089, 16483.25983542]
            FT_rf: [15737.96054126, 16124.04505268, 17410.61249198, 17342.36712357, 17898.41309604, 18194.83951578, 18306.64199349, 18295.73810922, 17997.28435946, 17762.59600298, 16908.27926607, 16875.18971294]
            CWT_catboost: [18021.92606255, 17817.83554492, 18011.85713323, 17890.44975533, 17949.9677973, 18120.2264075, 18115.2101686, 18060.46296962, 17863.39983706, 17781.64505428, 17662.88374363, 17749.57771547]
            DWT_catboost: [18114.39598359, 17960.48813212, 17783.57486875, 17688.82118656, 17585.03278393, 17745.14227767, 17638.62737912, 17646.17618313, 17643.0873276, 17652.8525517, 17609.07633908, 17616.40332561]
            FT_catboost: [16413.09711353, 17307.99150984, 16641.3797852, 17893.33707602, 16333.22457947, 17197.48149865, 17136.21290436, 17786.45849121, 17253.56123353, 17112.93159883, 16913.48233282, 16626.96867976]
        </predictions>
        <test>[17656.623, 19507.078, 15680.762, 19775.546, 13736.136, 17221.028, 18352.012, 20327.377, 21175.424, 18516.637, 19864.665, 18523.176]</test>
    </example>
    <example>
        <predictions>
            ARIMA: [19197.09616343, 19218.19911323, 18289.75028673, 18991.53921425, 17830.29109381, 18676.75281918, 18991.222043, 19210.49939444, 19533.24147234, 18841.98662861, 19274.82557375, 18851.34984505]
            ETS: [18251.1580763, 17924.35960825, 16248.24412114, 17766.15931347, 16819.15680994, 17510.64335004, 18319.57207669, 18979.65520757, 19563.43835807, 18870.87997772, 19539.15669582, 19149.92014317]
            THETA: [18345.6940208, 17874.10983595, 16222.97612274, 17834.21723458, 16755.47385476, 17504.31572072, 18362.58535134, 18904.91805159, 19501.2955687, 18887.74346103, 19515.8698591, 19162.3682469]
            svr: [17452.4221411, 17234.64753482, 16975.16681594, 17024.21102249, 16998.12236703, 17137.08981868, 17287.56864945, 17385.94955304, 17468.65515164, 17483.75247101, 17499.0596454, 17475.40451716]
            rf: [17594.56713935, 16988.53851451, 15220.13799115, 16405.03819754, 16229.28107273, 16487.60403589, 17313.70069943, 17700.77143317, 18067.47250334, 18644.77847774, 18686.94990243, 18284.22764055]
            catboost: [17480.08436303, 17300.88465267, 14527.8578392, 16118.70803821, 16789.43842464, 16225.13660246, 18107.8765838, 18216.16281705, 18866.88706808, 19729.19736026, 20467.58901349, 19236.18076527]
            CWT_svr: [17473.40367069, 17027.65583789, 16479.605163, 16581.08392297, 16392.44084997, 16969.30862415, 17189.00332273, 17331.74512162, 17340.43932507, 17247.77175877, 17135.69334263, 16981.97050238]
            DWT_svr: [17926.94347244, 17258.82698246, 15882.86857631, 17277.4223869, 16914.33628065, 16568.21928437, 17860.31031934, 17692.72656005, 18223.70572647, 18016.41987286, 17756.22133002, 17672.8968208]
            FT_svr: [17824.29082877, 17374.40021011, 15444.34116769, 16953.06272067, 17102.35871569, 16499.87199132, 17537.28623046, 17877.09881465, 17625.97791532, 18124.59991469, 18276.50134908, 17877.46019979]
            CWT_rf: [16567.05519459, 16059.52855682, 15258.51218364, 16467.14154321, 15747.6389172, 16229.90071796, 16424.2071959, 16586.9576747, 16970.48077076, 16522.73725021, 16235.52296597, 16107.1922324]
            DWT_rf: [18098.46198988, 16985.5179056, 15451.3318093, 15725.41631389, 14862.19180381, 15917.73977454, 16228.85838407, 16255.4209196, 16832.75047669, 16778.2652245, 16604.76938011, 16289.94931507]
            FT_rf: [17348.61122703, 16849.82524113, 15096.18413635, 15324.5564488, 15305.54604854, 15838.24011944, 16340.51110191, 16686.36627673, 16886.05694192, 16705.58555394, 16368.801103, 16160.07672048]
            CWT_catboost: [17377.02753016, 16427.94456663, 14510.93589461, 15876.21508147, 15308.66034944, 15532.97247311, 16428.67357426, 16937.23082187, 17263.57037257, 16645.22903114, 16518.70702744, 16039.16339444]
            DWT_catboost: [17842.93000058, 17500.06127439, 16702.69910431, 16955.12667547, 16820.62850256, 17339.22385666, 17528.69917841, 17642.78761942, 17726.55757098, 17571.69823637, 17548.1240138, 17409.61835574]
            FT_catboost: [17729.70542317, 17367.36165659, 16797.76082268, 17016.07584365, 16779.51393948, 17312.56091945, 17543.29106472, 17704.00934383, 17732.31867146, 17519.12232138, 17485.72105834, 17363.68890376]
        </predictions>
        <test>[22026.58, 21691.041, 18155.248, 17892.518, 18338.645, 11259.7, 18852.424, 17437.912, 17794.103, 13666.352, 14124.142, 12543.652]</test>
    </example>
    <example>
        <predictions>
            ARIMA: [16124.27700093, 16784.15188024, 16791.07217073, 17175.33950805, 17602.72582143, 16181.30961355, 18067.09062295, 17833.65780326, 17976.75179875, 17068.00926624, 17200.18521675, 16854.55814285]
            ETS: [13004.65921511, 12411.35136438, 9743.76112396, 12119.0501746, 10640.07457433, 11491.04442466, 13022.54633218, 13962.7886747, 14911.81075352, 13785.04193751, 14835.84635628, 14176.40856347]
            THETA: [13003.84336685, 12220.32937814, 9536.95400442, 12040.98420158, 10403.2447602, 11357.07633342, 12890.4438262, 13823.59891982, 14799.77215225, 13732.86353059, 14777.38010547, 14178.79482446]
            svr: [15580.53620937, 15580.53089732, 15580.54636499, 15580.54636499, 15580.54636499, 15580.54636499, 15580.54636499, 15580.54636499, 15580.54636499, 15580.54636499, 15580.54636499, 15580.54636499]
            rf: [12739.98432658, 13893.42021604, 13958.3139195, 14900.5885737, 14681.25724249, 13746.66692861, 14529.17604985, 14648.80537835, 14702.97823539, 14764.21730292, 14494.83072602, 13974.93465102]
            catboost: [14060.0473586, 14360.83101895, 14547.27717695, 14876.66625436, 14815.75243911, 14762.32946084, 14865.10484495, 14821.24675599, 14779.04600956, 14612.39175119, 14589.10928996, 14541.25201651]
            CWT_svr: [15579.88040165, 15199.41055922, 14856.51598534, 14618.13999374, 14384.08791589, 14130.86933231, 14500.64475168, 14293.2305589, 14125.29284537, 14019.61604145, 14057.91781656, 14051.49992462]
            DWT_svr: [13892.78718479, 13145.7641539, 14555.95389943, 13466.46761316, 13231.94992997, 13591.92630381, 12687.3628944, 12461.40017664, 12981.10384521, 12882.05798449, 12938.8083044, 12863.94694855]
            FT_svr: [13857.83129717, 13853.28939254, 13508.40114327, 13695.73562553, 13631.10656369, 13147.28135619, 13537.45007251, 13223.79616019, 13069.78189987, 13191.45378405, 13186.86893053, 13143.06740511]
            CWT_rf: [13901.69565015, 12629.77002898, 13818.89462724, 13269.53571924, 13655.38379873, 13373.36489082, 13134.86987697, 12687.47241714, 12479.22725235, 12644.77856615, 12626.82915364, 12543.40954778]
            DWT_rf: [12751.37501131, 12696.82741974, 13142.80608614, 12842.85845534, 12497.8319271, 12290.38582565, 12275.36920362, 12154.75168978, 12098.19570246, 12153.86084994, 12199.95664499, 12250.27196307]
            FT_rf: [13258.43182411, 13414.72065066, 13217.36793136, 13658.451883, 13833.37266343, 13658.73053679, 13491.45763651, 13326.55085493, 13003.61473214, 12775.54126308, 12766.3366711, 12690.03503699]
            CWT_catboost: [13631.14150863, 11704.9086155, 12818.95773017, 12077.04958275, 11831.14209649, 11905.76627538, 11231.75736072, 10954.56125315, 11769.72544361, 11498.8384022, 11794.66180149, 12020.72885827]
            DWT_catboost: [13529.11944847, 13563.27300923, 13296.27185802, 13354.55276412, 12763.27180475, 12270.25605047, 12511.88611624, 12324.14410701, 12357.44500409, 12452.40849879, 12398.79599186, 12431.42567217]
            FT_catboost: [15706.98250214, 15091.50514294, 14752.94315543, 15538.9219654, 15552.94286537, 14530.74955896, 14632.16541277, 13736.51458961, 13756.63277061, 13868.60256129, 13664.98564702, 13874.72800546]
        </predictions>
        <test>[13550.672, 13730.734, 14394.921, 13059.633, 11046.61, 10439.798, 13123.498, 14095.001, 13762.162, 12417.169, 12866.753, 9878.397]</test>
    </example>
    <example>
        <predictions>
            ARIMA: [12263.63116463, 13030.78697143, 13042.15026161, 13130.60484709, 12573.33947824, 12487.15241101, 13330.63741703, 13517.67028753, 13655.17957347, 13038.73280823, 13299.253939, 12608.97932921]
            ETS: [11350.69020895, 11152.63554874, 10066.51281168, 11038.31927229, 10355.86676501, 10663.31429946, 11459.41890067, 11824.8331247, 12269.33021976, 11677.36964962, 12172.09988588, 11753.04655558]
            THETA: [11320.23238089, 11017.55726531, 9937.22662309, 10934.52408753, 10191.38711469, 10550.34782598, 11326.62420426, 11710.29337032, 12148.26558483, 11608.00173433, 12066.10587645, 11769.76124874]
            svr: [11914.9941019, 11915.28047452, 11915.38876801, 11915.43986903, 11915.4427746, 11915.18846827, 11920.46839884, 11915.40280401, 11915.4433524, 11915.45348939, 11915.45580773, 11915.45616247]
            rf: [10208.79256073, 10654.05452236, 10897.39003989, 12060.49620077, 11903.01827271, 11644.85172555, 11849.50661412, 12037.67958864, 12316.09729717, 11967.71390796, 12091.55666709, 11261.72872489]
            catboost: [9831.02615895, 11518.72145156, 11067.68708771, 12020.86104891, 11659.16027488, 10385.76767045, 12034.7058123, 12707.84305408, 13157.01129292, 13772.33170108, 12250.44944939, 11542.08739544]
            CWT_svr: [9485.07334372, 9254.96080526, 9056.42292612, 9870.47139816, 7812.21949246, 9543.47227364, 9763.97187259, 9980.28199147, 10313.23641889, 9443.19310672, 8952.53693844, 8562.74267613]
            DWT_svr: [11915.4755509, 11784.78351992, 11640.60894267, 11482.4492907, 11360.90673122, 11397.20663757, 11521.91953397, 11404.81480741, 11286.40980093, 11201.08423695, 11123.42530239, 11061.83473092]
            FT_svr: [11516.29078869, 11498.63732773, 11489.29914837, 11431.64360512, 11024.85964073, 10864.83841065, 11141.26953104, 10973.60582462, 11156.33241537, 10559.49709031, 10510.61720382, 10433.41112931]
            CWT_rf: [10298.71247206, 10103.30386672, 10418.29518962, 10133.81661957, 10521.08615777, 10545.7229993, 10476.94481516, 10302.94078723, 10148.91422656, 9977.62118739, 9606.59339656, 9819.65244467]
            DWT_rf: [10606.40818274, 10617.61958972, 10121.42262664, 10956.31876873, 10649.36629764, 10740.1064879, 10713.36688444, 10300.05306909, 10120.48025685, 9872.02665422, 9537.16295305, 9831.91000956]
            FT_rf: [10007.85981394, 9781.07516479, 8995.48060139, 10095.65070313, 10076.68785762, 10028.94073734, 10205.34104612, 10225.5953259, 10236.67580806, 10088.61976231, 9807.52963405, 9744.55648473]
            CWT_catboost: [9628.56226681, 9868.39461961, 10941.22856895, 10324.77248437, 11098.74407689, 11704.3213352, 11777.71582031, 12567.69422542, 11725.07459088, 11507.89280268, 11592.38328463, 11010.3208738]
            DWT_catboost: [10601.70914066, 10564.91387418, 10333.41713754, 10761.76043136, 10204.85534305, 10199.56660356, 10103.09503212, 9173.74850985, 9637.96468887, 9422.97041853, 8796.83926536, 9624.23547995]
            FT_catboost: [11431.377441, 11233.23860662, 11004.52609024, 11071.44974871, 10866.20249589, 10863.57883001, 11061.36307844, 11094.7452776, 11135.34833605, 10952.2196623, 10906.78658408, 10813.80718859]
        </predictions>
        <test>[12979.684, 13177.877, 10399.903, 10511.265, 8084.46, 10376.685, 9469.758, 10387.63, 10516.526, 10811.775, 11390.15, 10564.112]</test>
    </example>
    <example>
        <predictions>
            ARIMA: [11631.50546299, 11646.61232831, 11002.06597871, 11100.17291645, 10551.72626256, 11069.75846178, 10864.7971738, 11072.23198092, 11101.36187801, 11168.08678014, 11298.79684273, 11112.1160929]
            ETS: [10377.77656184, 10149.40163362, 9046.52171343, 9947.0489147, 9268.64977598, 9623.63836025, 10290.72476532, 10706.19825096, 11086.93063293, 10609.07181995, 11059.17518127, 10672.78738377]
            THETA: [10371.37408518, 10108.44041394, 9041.71276735, 9965.10924639, 9224.88701198, 9629.29555259, 10335.38602837, 10708.31445551, 11111.77942927, 10599.79718726, 11036.23911047, 10678.13653358]
            svr: [10002.89140481, 10002.89379628, 10002.88344148, 10002.88344049, 10002.88344235, 10002.88344239, 10002.88344229, 10002.88344239, 10002.8834423, 10002.88344235, 10002.88344239, 10002.88344239]
            rf: [11327.82920386, 11214.49218915, 10221.59724693, 10047.86555608, 9735.82917856, 9310.3323286, 9820.73551965, 9605.58246649, 9716.11678398, 9942.48347092, 9734.05147891, 9741.86774832]
            catboost: [11201.05361422, 10996.46022857, 10592.14542116, 10512.87882586, 9343.03310209, 9344.22968388, 9090.47122631, 9248.82005662, 9513.26888827, 9749.73017883, 9771.08708517, 9757.62970414]
            CWT_svr: [10014.65378372, 9866.1493805, 9775.24360307, 9720.11903108, 9654.24839206, 9921.17969288, 9881.53430387, 9934.10276855, 9895.14953965, 9846.73560348, 9788.88563082, 9786.22225762]
            DWT_svr: [10037.66769335, 9888.27710569, 9793.4201213, 9740.14507156, 9676.10655891, 9942.79707475, 9905.10675982, 9960.33367472, 9923.63042166, 9877.3008699, 9820.67632543, 9815.34074116]
            FT_svr: [10350.13666543, 10039.1517168, 9879.98783394, 9773.39817572, 9662.9943678, 9905.17551894, 9899.95605666, 10022.673321, 10026.96734332, 10015.18943556, 9987.01140573, 9925.68531011]
            CWT_rf: [10465.62870662, 10126.75929609, 9497.18491768, 9556.06155595, 9078.86846248, 9573.98902989, 9358.07038032, 9662.6368019, 9753.10689737, 9719.26040623, 9791.5689821, 9716.44635186]
            DWT_rf: [11150.74456099, 10763.63296857, 10268.97280791, 10645.92749844, 9830.98757734, 10124.14732736, 10036.39313734, 10009.04205429, 10205.65320623, 10143.37128863, 10159.3075581, 10135.07667169]
            FT_rf: [11158.77890992, 10843.88836585, 10386.18187695, 10825.69056676, 10071.05111107, 9965.76085056, 10135.51634969, 10065.12602591, 10275.06876021, 10215.38420497, 10180.58433245, 10221.82741811]
            CWT_catboost: [11672.92734363, 11173.78326601, 10295.24278144, 10480.76943299, 9485.04098189, 9590.34234454, 10072.13173018, 10002.03389113, 10055.60634665, 10329.78252185, 10317.808906, 9977.51220841]
            DWT_catboost: [11814.28617155, 11473.03246862, 10586.79529136, 10964.46430698, 9735.49471705, 10226.33192866, 10268.24037021, 9967.93805678, 10398.21591881, 10618.17094579, 10627.07659442, 10778.80792968]
            FT_catboost: [11773.67173396, 11295.9420406, 10560.41810583, 10519.64021427, 10075.90395262, 10527.90039259, 10658.06864219, 10417.01144079, 10710.62992244, 10901.48319265, 10774.16840156, 10729.83664159]
        </predictions>
        <test>[11495.885, 11702.599, 8776.675, 8905.016, 9110.055, 8742.924, 10343.884, 13124.89, 9969.74, 16116.018, 12310.1, 13435.992]</test>
    </example>
    <example>
        <predictions>
            ARIMA: [12627.3648792, 12622.62762339, 11662.37237565, 11598.1850247, 11562.43116538, 11422.48161217, 11778.23014451, 12435.28455591, 11647.84483359, 13140.77037566, 12202.89365234, 12473.62917419]
            ETS: [12207.79718448, 11781.61108664, 9915.14776475, 11349.71922131, 10339.85590112, 10877.90901816, 12209.6724788, 12752.45201377, 13269.25108125, 12676.18009902, 13207.0238724, 12681.99590727]
            THETA: [12255.23761362, 11856.66097522, 10050.07818469, 11544.01531066, 10341.54365826, 10995.68940813, 12131.4222316, 12787.91001353, 13454.62651214, 12631.86583947, 13350.83089224, 12743.93339333]
            svr: [15812.35736782, 9432.05409226, 11730.07797478, 11284.72720964, 9547.38067061, 12457.78034942, 14420.14273488, 10829.03490541, 14654.01313876, 11823.07673214, 10798.6850157, 9962.29569376]
            rf: [13265.71233857, 11060.54121997, 11194.98862256, 9162.31644312, 8161.18245205, 8017.52141273, 7744.46597935, 8576.63758634, 8906.29561998, 9445.44386234, 9620.92751018, 9841.47150891]
            catboost: [13660.47692815, 13516.06624004, 11393.70661807, 10853.06018597, 10956.20046252, 8681.09713482, 9220.67033769, 7350.94919136, 8538.94474618, 8336.05410164, 10167.41206827, 11165.72988876]
            CWT_svr: [15771.12880511, 10905.82995465, 11349.1990745, 9685.03892605, 11037.65280756, 11936.92070827, 11780.62559302, 11484.43323065, 12628.49049832, 13024.31541023, 11800.64740281, 12511.6311601]
            DWT_svr: [12408.96197921, 9986.29863331, 9865.99972222, 8434.40750208, 8761.96611509, 8650.24973799, 9090.00891242, 9436.04959712, 9516.64737756, 9837.97293089, 9763.95206933, 9752.83262386]
            FT_svr: [13176.80687049, 9046.99935815, 9333.4221072, 10052.78078461, 9012.17454436, 9486.45221933, 10788.44188521, 10290.62511713, 9856.08609338, 10779.80385524, 9545.48275713, 10146.3789556]
            CWT_rf: [13974.42278276, 12184.12608778, 11797.84086944, 10385.74000074, 10138.85588394, 10144.80778728, 9783.37360254, 10357.93983524, 9529.92163729, 10130.7030195, 10188.45222555, 10129.61143189]
            DWT_rf: [13524.3788824, 11260.1869425, 12290.76970492, 11233.79084148, 10319.38732539, 10578.96668211, 9513.04377185, 10256.30811045, 9969.2442723, 10178.5263756, 10406.80019209, 10299.3790876]
            FT_rf: [13143.15883043, 11448.47983396, 11516.82562212, 10583.6015447, 9896.59147985, 10069.97180058, 10096.28172166, 10339.59658715, 10242.29743967, 10253.90799006, 10141.36616802, 9899.60374038]
            CWT_catboost: [14920.2365954, 11884.07297286, 12774.2177341, 10701.9014977, 9454.75768969, 11231.03990003, 10992.43542623, 10745.25313126, 11156.96462967, 11958.61087218, 11343.460746, 12855.31314812]
            DWT_catboost: [13252.57879983, 10249.74752035, 10874.742598, 8359.99732537, 10461.40941175, 9542.80579651, 10962.16238553, 10869.84292993, 10460.33377874, 10715.54490452, 10035.28423198, 10216.77434733]
            FT_catboost: [13304.30739568, 11028.5374938, 9940.0289588, 10288.17520171, 9335.72292357, 10086.74824133, 10383.13038234, 10139.84022016, 10109.32451917, 9382.85781567, 9267.80281583, 8915.31706362]
        </predictions>
        <test>[15309.489, 17482.326, 16473.76, 12228.625, 10294.408, 11155.261, 10246.388, 9016.784, 11075.345, 11381.538, 11016.88, 9994.709]</test>
    </example>
    <example>
        <predictions>
            ARIMA: [12037.24868906, 12794.83581807, 12774.49458098, 12023.41540487, 11768.8354046, 12015.69091224, 12010.88156331, 12057.41055389, 12296.02180029, 12926.43027526, 12554.88295917, 12458.53762936]
            ETS: [10037.94016547, 9768.43236022, 7601.57157272, 9130.95698875, 7829.57066284, 8534.66400973, 9676.52605904, 10504.85114618, 11232.74053791, 10514.46355529, 11213.4039647, 10571.66289381]
            THETA: [10012.10077426, 9610.08352981, 7512.11909438, 9109.06577248, 7654.41577726, 8442.98388141, 9742.28146676, 10586.89279274, 11256.94169306, 10469.17247495, 11195.30337233, 10527.44518864]
            svr: [8917.50847248, 9184.35977045, 9974.87853753, 10942.66963366, 11642.23109713, 12338.20235943, 12898.90008172, 12883.22646984, 14448.51839183, 14704.57789021, 14452.29247715, 14421.73540459]
            rf: [9294.05129225, 9699.25199516, 9622.27530499, 10233.76212383, 10733.49844688, 10478.2054147, 10442.73888288, 9941.09345396, 10063.26697286, 10002.06750416, 10030.2404295, 10092.55907985]
            catboost: [9187.3704484, 9717.40098318, 9569.21633359, 10143.66690409, 9646.97105695, 9636.70589501, 9670.0475526, 9547.71809078, 10196.37531475, 10310.72992537, 8846.13280499, 10143.03786266]
            CWT_svr: [10339.15023777, 10070.72152118, 10269.5826863, 10288.10788968, 10167.09270875, 10135.78378966, 10052.8334179, 9967.33474189, 10001.9742037, 10186.51982567, 10062.76211704, 10084.33564709]
            DWT_svr: [9013.56597527, 8699.10949514, 8875.37142573, 8937.59139662, 9574.78564671, 9160.78028473, 9016.96599117, 8891.40523028, 8533.77308588, 8506.13247463, 8827.52507721, 8638.87076147]
            FT_svr: [8580.08006404, 8975.50632376, 8640.79983185, 8143.94169772, 8663.01972635, 8692.52523299, 8386.95899142, 8116.2726649, 7859.01838354, 7781.62406673, 8113.33108838, 7935.52134265]
            CWT_rf: [9841.97486845, 9387.49158901, 8713.23708803, 9449.99536156, 9326.42990838, 9300.90715647, 9343.64112355, 9190.79349394, 9233.34360849, 9087.26478808, 9030.67449059, 9074.28292016]
            DWT_rf: [9453.91347863, 9288.58186517, 8617.7225062, 9400.84639915, 9204.42050356, 9170.31082925, 9115.09131191, 9045.90963099, 8828.3868599, 8741.84056644, 8701.7245498, 8744.60196396]
            FT_rf: [9668.23274665, 9144.25793089, 8444.04652873, 8964.80040027, 8833.18536127, 8991.58677664, 8994.25859642, 8857.6388454, 8792.59540398, 8570.45449348, 8501.61711084, 8505.98063602]
            CWT_catboost: [9804.93850141, 9919.49308081, 9084.24110252, 9508.46809908, 9670.08081188, 9786.41636207, 9651.21356126, 9312.83304644, 9475.14484212, 9308.91668097, 9323.91788644, 9537.09287036]
            DWT_catboost: [8834.89501476, 8852.65588702, 9126.31800314, 8976.87913236, 9297.39816941, 8871.54261373, 8679.61804199, 8673.50908644, 8530.53267226, 8310.31326384, 8602.13619078, 8560.01538784]
            FT_catboost: [8216.72292069, 8230.51549618, 7662.07498209, 7920.78218587, 8225.18941402, 7493.79132388, 7986.82181433, 7545.30393996, 7372.36418237, 7664.99656705, 7506.50931272, 7481.53929959]
        </predictions>
        <test>[10522.417, 9890.358, 7257.14, 8362.009, 6658.461, 9926.772, 11946.214, 8964.76, 8775.817, 6696.74, 6917.19, 8016.087]</test>
    </example>
</train>
